4
0.03
0.000001 0.000000 0.0 0.500000 
0.000000 0.205000 0.0 0.000000 
0.000000 0.000000 0.5 0.25
0.000000 0.000000 0.0 1.000000 
0.71
0.817377 0.065530 0.0 0.091311 
-0.065530 0.817377 0.0 0.232765 
0.000000 0.000000 0.5  0.25
0.000000 0.000000 0.0  1.000000 
0.13
0.108707 -0.372816 0.0 0.445646 
0.279612 0.144943 0.0 -0.059806 
0.000000 0.000000 0.5 0.25 
0.000000 0.000000 0.0 1.000000 
0.13
-0.080250 0.385423 0.0 0.540125 
0.289067 0.107000 0.0 -0.004534 
0.000000 0.000000 -0.5 0.75
0.000000 0.000000 0.0 1.000000 
